1 23 
2 23 82 
3 7 82 23 
4 7 28 23 82 
5 7 9 23 82 28 
6 7 9 19 82 28 23 
7 7 9 19 82 28 23 28 
8 7 9 19 9 28 23 28 82 
9 7 7 19 9 28 23 28 82 9 
10 7 7 19 9 13 23 28 82 9 28 
11 7 7 19 9 13 23 28 82 9 28 21 
12 4 7 7 9 13 19 28 82 9 28 21 23 
13 4 7 7 9 13 19 28 82 9 28 21 23 81 
14 4 7 7 9 13 19 19 82 9 28 21 23 81 28 
15 4 7 7 9 13 19 19 82 9 28 21 23 81 28 36 
16 4 7 7 9 13 19 19 18 9 28 21 23 81 28 36 82 
17 4 7 7 9 13 19 19 18 9 28 21 23 81 28 36 82 320 
18 4 7 7 9 13 19 19 18 9 28 21 23 81 28 36 82 320 61 
19 4 7 7 7 13 19 19 18 9 28 21 23 81 28 36 82 320 61 9 
20 3 4 7 7 7 19 19 18 9 13 21 23 81 28 36 82 320 61 9 28 
21 3 4 7 7 4 19 19 18 9 7 21 23 81 28 36 82 320 61 9 28 13 
22 3 4 7 7 4 19 19 18 9 7 5 23 81 28 36 82 320 61 9 28 13 21 
23 3 4 7 7 4 19 19 18 9 7 5 23 81 28 36 82 320 61 9 28 13 21 16 
24 3 4 7 7 4 17 19 18 9 7 5 19 81 28 36 82 320 61 9 28 13 21 16 23 
