3
23 4 4 7 7 5 17 19 18 9 7 16 19 81 28 36 82 320 61 9 28 13 21 23 
4
22 4 5 7 7 7 17 19 18 9 13 16 19 81 28 36 82 320 61 9 28 23 21 
4
21 5 7 7 9 7 17 19 18 9 13 16 19 81 28 36 82 320 61 21 28 23 
5
20 7 7 7 9 13 17 19 18 9 23 16 19 81 28 36 82 320 61 21 28 
7
19 7 9 7 9 13 17 19 18 21 23 16 19 81 28 36 82 320 61 28 
7
18 7 9 17 9 13 19 19 18 21 23 16 28 81 28 36 82 320 61 
7
17 9 9 17 18 13 19 19 61 21 23 16 28 81 28 36 82 320 
9
16 9 13 17 18 16 19 19 61 21 23 320 28 81 28 36 82 
9
15 13 16 17 18 23 19 19 61 21 82 320 28 81 28 36 
13
14 16 18 17 21 23 19 19 61 36 82 320 28 81 28 
16
13 17 18 19 21 23 28 19 61 36 82 320 28 81 
17
12 18 21 19 36 23 28 19 61 81 82 320 28 
18
11 19 21 19 36 23 28 28 61 81 82 320 
19
10 19 21 28 36 23 320 28 61 81 82 
19
9 21 23 28 36 82 320 28 61 81 
21
8 23 36 28 61 82 320 28 81 
23
7 28 36 28 61 82 320 81 
28
6 28 36 81 61 82 320 
28
5 36 61 81 320 82 
36
4 61 82 81 320 
61
3 81 82 320 
81
2 82 320 
82
1 320 
320
0 
